
Paso  1
- vector b :
 [0. 0. 0. 1. 0. 0.]
- matriz P :
 [[1 0 0 0 0 0]
 [0 1 0 0 0 0]
 [0 0 1 0 0 0]
 [0 0 0 1 0 0]
 [0 0 0 0 1 0]
 [0 0 0 0 0 1]]
- matriz M :
 [[ 1.  0.  0.  0.  0.  0.]
 [ 0.  1.  0.  0.  0.  0.]
 [ 0.  0.  1.  0.  0.  0.]
 [ 0. -1.  0.  1.  0.  0.]
 [ 0.  0.  0.  0.  1.  0.]
 [ 0.  0.  0.  0.  0.  1.]]
- matriz A :
 [[ 4. -1.  0.  0.  0.  0.]
 [-1.  4. -1. -4. -1.  0.]
 [ 0. -1.  4.  1.  0. -1.]
 [ 0. -4.  1.  8.  0.  0.]
 [ 0. -1.  0.  0.  4. -1.]
 [ 0.  0. -1.  0. -1.  4.]]

Paso  2
- vector b :
 [0.   0.   0.   0.25 0.25 0.  ]
- matriz P :
 [[1 0 0 0 0 0]
 [0 1 0 0 0 0]
 [0 0 0 1 0 0]
 [0 0 1 0 0 0]
 [0 0 0 0 1 0]
 [0 0 0 0 0 1]]
- matriz M :
 [[ 1.    0.    0.    0.    0.    0.  ]
 [ 0.    1.    0.    0.    0.    0.  ]
 [ 0.    0.    1.    0.    0.    0.  ]
 [ 0.    0.   -0.25  1.    0.    0.  ]
 [ 0.    0.   -0.25  0.    1.    0.  ]
 [ 0.    0.    0.    0.    0.    1.  ]]
- matriz A :
 [[ 4.   -1.    0.    0.    0.    0.  ]
 [-1.    4.   -4.    0.    0.    0.  ]
 [ 0.   -4.    8.   -1.   -2.    0.  ]
 [ 0.    0.   -1.    4.    0.25 -1.  ]
 [ 0.    0.   -2.    0.25  4.5  -1.  ]
 [ 0.    0.    0.   -1.   -1.    4.  ]]

Paso  3
- vector b :
 [0.  0.  0.  0.  0.5 0. ]
- matriz P :
 [[1 0 0 0 0 0]
 [0 1 0 0 0 0]
 [0 0 1 0 0 0]
 [0 0 0 0 1 0]
 [0 0 0 1 0 0]
 [0 0 0 0 0 1]]
- matriz M :
 [[ 1.   0.   0.   0.   0.   0. ]
 [ 0.   1.   0.   0.   0.   0. ]
 [ 0.   0.   1.   0.   0.   0. ]
 [ 0.   0.   0.   1.   0.   0. ]
 [ 0.   0.   0.  -0.5  1.   0. ]
 [ 0.   0.   0.   0.   0.   1. ]]
- matriz A :
 [[ 4.    -1.     0.     0.     0.     0.   ]
 [-1.     4.    -4.     0.     0.     0.   ]
 [ 0.    -4.     8.    -2.     0.     0.   ]
 [ 0.     0.    -2.     4.5   -2.    -1.   ]
 [ 0.     0.     0.    -2.     4.875 -0.5  ]
 [ 0.     0.     0.    -1.    -0.5    4.   ]]

Paso  4
- vector b :
 [0.  0.  0.  0.  0.  0.5]
- matriz P :
 [[1 0 0 0 0 0]
 [0 1 0 0 0 0]
 [0 0 1 0 0 0]
 [0 0 0 1 0 0]
 [0 0 0 0 1 0]
 [0 0 0 0 0 1]]
- matriz M :
 [[ 1.   0.   0.   0.   0.   0. ]
 [ 0.   1.   0.   0.   0.   0. ]
 [ 0.   0.   1.   0.   0.   0. ]
 [ 0.   0.   0.   1.   0.   0. ]
 [ 0.   0.   0.   0.   1.   0. ]
 [ 0.   0.   0.   0.  -0.5  1. ]]
- matriz A :
 [[ 4.      -1.       0.       0.       0.       0.     ]
 [-1.       4.      -4.       0.       0.       0.     ]
 [ 0.      -4.       8.      -2.       0.       0.     ]
 [ 0.       0.      -2.       4.5     -2.       0.     ]
 [ 0.       0.       0.      -2.       4.875   -2.9375 ]
 [ 0.       0.       0.       0.      -2.9375   5.71875]]
Matriz P:
 [[1. 0. 0. 0. 0. 0.]
 [0. 1. 0. 0. 0. 0.]
 [0. 0. 0. 1. 0. 0.]
 [0. 0. 0. 0. 1. 0.]
 [0. 0. 1. 0. 0. 0.]
 [0. 0. 0. 0. 0. 1.]]
Matriz L:
 [[1.   0.   0.   0.   0.   0.  ]
 [0.   1.   0.   0.   0.   0.  ]
 [0.   1.   1.   0.   0.   0.  ]
 [0.   0.   0.25 1.   0.   0.  ]
 [0.   0.   0.25 0.5  1.   0.  ]
 [0.   0.   0.   0.   0.5  1.  ]]
Matriz T:
 [[ 4.      -1.       0.       0.       0.       0.     ]
 [-1.       4.      -4.       0.       0.       0.     ]
 [ 0.      -4.       8.      -2.       0.       0.     ]
 [ 0.       0.      -2.       4.5     -2.       0.     ]
 [ 0.       0.       0.      -2.       4.875   -2.9375 ]
 [ 0.       0.       0.       0.      -2.9375   5.71875]]

Resolución del sistema Ax = b paso a paso:
A = P^-1 L T Lt P
1. Lz = Pb
  z = [56.  25.  16.   6.  55.  19.5]
2. Tw = z
  w = [25.52795031 46.11180124 33.47981366 33.69565217 39.33540373 23.61490683]
3. Lt y = w
  y = [25.52795031 24.49689441 21.61490683 19.93167702 27.52795031 23.61490683]
4. x = Pt y
  x = [25.52795031 24.49689441 27.52795031 21.61490683 19.93167702 23.61490683]