Matriz aumentada (A|b)
[[ -2   0   1  -4]
 [ -1   7   1 -50]
 [  5  -1   1 -26]]
[[  5.  -1.   1. -26.]
 [ -1.   7.   1. -50.]
 [ -2.   0.   1.  -4.]]
[[  5.   -1.    1.  -26. ]
 [  0.    6.8   1.2 -55.2]
 [ -2.    0.    1.   -4. ]]
[[  5.   -1.    1.  -26. ]
 [  0.    6.8   1.2 -55.2]
 [  0.   -0.4   1.4 -14.4]]
[[  5.          -1.           1.         -26.        ]
 [  0.           6.8          1.2        -55.2       ]
 [  0.           0.           1.47058824 -17.64705882]]
[[  5.   -1.    0.  -14. ]
 [  0.    6.8   0.  -40.8]
 [  0.    0.    1.  -12. ]]
[[  5.   0.   0. -20.]
 [  0.   1.   0.  -6.]
 [  0.   0.   1. -12.]]
[[  1.   0.   0.  -4.]
 [  0.   1.   0.  -6.]
 [  0.   0.   1. -12.]]
Pivoteo parcial por filas
[[  5.  -1.   1. -26.]
 [ -1.   7.   1. -50.]
 [ -2.   0.   1.  -4.]]
eliminacion hacia adelante
[[  5.          -1.           1.         -26.        ]
 [  0.           6.8          1.2        -55.2       ]
 [  0.           0.           1.47058824 -17.64705882]]
eliminación hacia atrás
[[  1.   0.   0.  -4.]
 [  0.   1.   0.  -6.]
 [  0.   0.   1. -12.]]
solución de X:
[[ -4.]
 [ -6.]
 [-12.]]